$MeshFormat
2.2 0 8
$EndMeshFormat
$PhysicalNames
7
2 1 "bottom"
2 2 "top"
2 3 "left"
2 4 "front"
2 5 "right"
2 6 "back"
3 7 "domain"
$EndPhysicalNames
$Nodes
235
1 0 0 0
2 1 0 0
3 1 1 0
4 0 1 0
5 0 0 1
6 1 0 1
7 1 1 1
8 0 1 1
9 0.1999999999995579 0 0
10 0.3999999999989749 0 0
11 0.5999999999989468 0 0
12 0.7999999999994734 0 0
13 1 0.1999999999995579 0
14 1 0.3999999999989749 0
15 1 0.5999999999989468 0
16 1 0.7999999999994734 0
17 0.7999999999999998 1 0
18 0.6000000000013869 1 0
19 0.4000000000016644 1 0
20 0.2000000000008322 1 0
21 0 0.7999999999999998 0
22 0 0.6000000000013869 0
23 0 0.4000000000016644 0
24 0 0.2000000000008322 0
25 0.2 0 1
26 0.4 0 1
27 0.6000000000000001 0 1
28 0.8 0 1
29 1 0.2 1
30 1 0.4 1
31 1 0.6000000000000001 1
32 1 0.8 1
33 0.8 1 1
34 0.6 1 1
35 0.3999999999999999 1 1
36 0.2 1 1
37 0 0.8 1
38 0 0.6 1
39 0 0.3999999999999999 1
40 0 0.2 1
41 0 0 0.1999999999995579
42 0 0 0.3999999999989749
43 0 0 0.5999999999989468
44 0 0 0.7999999999994734
45 1 0 0.1999999999995579
46 1 0 0.3999999999989749
47 1 0 0.5999999999989468
48 1 0 0.7999999999994734
49 1 1 0.1999999999995579
50 1 1 0.3999999999989749
51 1 1 0.5999999999989468
52 1 1 0.7999999999994734
53 0 1 0.1999999999995579
54 0 1 0.3999999999989749
55 0 1 0.5999999999989468
56 0 1 0.7999999999994734
57 0.1637066120482703 0.4886650857430957 0
58 0.8353496491682408 0.4902996892628636 0
59 0.4939184515862498 0.1323760430705655 0
60 0.4983653964791732 0.827738658027235 0
61 0.3007481903591385 0.8307029123438383 0
62 0.3961598772770956 0.670734446840082 0
63 0.6002015905170176 0.6755188916874412 0
64 0.5000000000025092 0.4803847577304367 0
65 0.830576912698845 0.3001844933888438 0
66 0.8146996124644995 0.6891493782611213 0
67 0.1693821434765657 0.3001135766065062 0
68 0.1881896957092664 0.6836414884284229 0
69 0.3157845613177837 0.1865278143482666 0
70 0.694476072991297 0.8409994610768936 0
71 0.6859211635201188 0.1724872797865501 0
72 0.3214614339243645 0.3873807148762196 0
73 0.6685228257598594 0.3853248791658106 0
74 0.4768832689941644 0.3174113279240561 0
75 0.1464101615147966 0.8535898384854262 0
76 0.8535898384857052 0.8535898384855642 0
77 0.1464101615145241 0.1464101615148656 0
78 0.8535898384865049 0.1464101615132356 0
79 0.310303028765564 0.5417981355851316 0
80 0.6896969712339486 0.5417981355822887 0
81 0.1637066120482703 0.4886650857430957 1
82 0.8353496491682408 0.4902996892628636 1
83 0.4939184515862498 0.1323760430705655 1
84 0.4983653964791732 0.827738658027235 1
85 0.3007481903591385 0.8307029123438383 1
86 0.3961598772770956 0.670734446840082 1
87 0.6002015905170176 0.6755188916874412 1
88 0.5000000000025092 0.4803847577304367 1
89 0.830576912698845 0.3001844933888438 1
90 0.8146996124644995 0.6891493782611213 1
91 0.1693821434765657 0.3001135766065062 1
92 0.1881896957092664 0.6836414884284229 1
93 0.3157845613177837 0.1865278143482666 1
94 0.694476072991297 0.8409994610768936 1
95 0.6859211635201188 0.1724872797865501 1
96 0.3214614339243645 0.3873807148762196 1
97 0.6685228257598594 0.3853248791658106 1
98 0.4768832689941644 0.3174113279240561 1
99 0.1464101615147966 0.8535898384854262 1
100 0.8535898384857052 0.8535898384855642 1
101 0.1464101615145241 0.1464101615148656 1
102 0.8535898384865049 0.1464101615132356 1
103 0.310303028765564 0.5417981355851316 1
104 0.6896969712339486 0.5417981355822887 1
105 0.1335085296108645 0 0.5080519843440506
106 0.8277386580270147 0 0.5016346035214357
107 0.4903320945052368 0 0.8372448438198159
108 0.4902996892628669 0 0.1646503508318408
109 0.8307029123436154 0 0.6992518096414632
110 0.6707475526384572 0 0.6038489982200377
111 0.6755210759870143 0 0.3997998887328694
112 0.4803847577298288 0 0.4999999999986052
113 0.3001844933888334 0 0.1694230873011135
114 0.6891496011488365 0 0.185300538479423
115 0.1880910040222939 0 0.6847650871679639
116 0.683892738335927 0 0.8119551020544638
117 0.8409998622747336 0 0.3055241987077442
118 0.305772303264122 0 0.8383692320186259
119 0.1745240915867855 0 0.3158922265342465
120 0.3856643477989652 0 0.3317868323367132
121 0.3888753081905348 0 0.6800969479679632
122 0.3176962157290876 0 0.5234187414298617
123 0.8535898384855364 0 0.1464101615142042
124 0.8535898384857139 0 0.8535898384855729
125 0.146410161514078 0 0.8535898384857811
126 0.1464101615134002 0 0.1464101615134002
127 0.5417981355822152 0 0.3103030287660612
128 0.5418767703784665 0 0.6897502242143565
129 1 0.4983653964764758 0.1722613419729332
130 1 0.4939184515867064 0.8676239569295753
131 1 0.8353496491680377 0.5097003107351065
132 1 0.1637066120479628 0.5113349142578143
133 1 0.3007481903567586 0.1692970876560433
134 1 0.3961598772750344 0.3292655531606195
135 1 0.6002015905153038 0.324481108312222
136 1 0.4999999999986647 0.51961524227025
137 1 0.8305769126984621 0.6998155066094119
138 1 0.1693821434768235 0.6998864233944579
139 1 0.814699612464286 0.3108506217374801
140 1 0.6944760729901651 0.1590005389226452
141 1 0.6859211635208635 0.8275127202132342
142 1 0.3157845613174644 0.8134721856521995
143 1 0.1881896957083695 0.3163585115718123
144 1 0.6685228257589155 0.6146751208334384
145 1 0.321461433923284 0.6126192851246351
146 1 0.476883268992368 0.6825886720765088
147 1 0.8535898384857559 0.8535898384856149
148 1 0.146410161514078 0.8535898384857811
149 1 0.1464101615134002 0.1464101615134002
150 1 0.8535898384865049 0.1464101615132356
151 1 0.6896969712341082 0.4582018644158154
152 1 0.3103030287654306 0.4582018644162768
153 0.4983653964790793 1 0.1722613419727234
154 0.5060815484133352 1 0.8676239569295459
155 0.1637066120484851 1 0.511334914257497
156 0.8353496491683503 1 0.5097003107352357
157 0.3007481903591279 1 0.1692970876561907
158 0.3961598772772253 1 0.3292655531601223
159 0.6002015905170499 1 0.3244811083119842
160 0.5000000000025469 1 0.5196152422697283
161 0.8305769126984165 1 0.699815506609673
162 0.8146996124646232 1 0.3108506217374615
163 0.1693821434767898 1 0.6998864233941738
164 0.18818969570941 1 0.3163585115717693
165 0.3140773139058067 1 0.8275153573876431
166 0.684209589564821 1 0.8134620546829202
167 0.6944760729914439 1 0.1590005389225877
168 0.3312774089974844 1 0.6106855812474108
169 0.678373477455935 1 0.6123333432450793
170 0.5231005821134888 1 0.6824028564760902
171 0.1464101615148578 1 0.1464101615145163
172 0.8535898384865244 1 0.1464101615133572
173 0.1464101615142539 1 0.8535898384856049
174 0.8535898384859222 1 0.8535898384857813
175 0.3103030287661742 1 0.4582018644155262
176 0.6896969712346158 1 0.4582018644162462
177 0 0.4983653964790793 0.1722613419727234
178 0 0.5060815484133352 0.8676239569295459
179 0 0.1637066120484851 0.511334914257497
180 0 0.8353496491683503 0.5097003107352357
181 0 0.3007481903591279 0.1692970876561907
182 0 0.3961598772772253 0.3292655531601223
183 0 0.6002015905170499 0.3244811083119842
184 0 0.5000000000025469 0.5196152422697283
185 0 0.8305769126984165 0.699815506609673
186 0 0.8146996124646232 0.3108506217374615
187 0 0.1693821434767898 0.6998864233941738
188 0 0.18818969570941 0.3163585115717693
189 0 0.3140773139058067 0.8275153573876431
190 0 0.684209589564821 0.8134620546829202
191 0 0.6944760729914439 0.1590005389225877
192 0 0.3312774089974844 0.6106855812474108
193 0 0.678373477455935 0.6123333432450793
194 0 0.5231005821134888 0.6824028564760902
195 0 0.1464101615148578 0.1464101615145163
196 0 0.8535898384865244 0.1464101615133572
197 0 0.1464101615142539 0.8535898384856049
198 0 0.8535898384859222 0.8535898384857813
199 0 0.3103030287661742 0.4582018644155262
200 0 0.6896969712346158 0.4582018644162462
201 0.5000000000000102 0.4999999999999898 0.4999999999999821
202 0.3133145183020832 0.3136784078505918 0.6859311975171761
203 0.2949910980410028 0.6250350577011621 0.6995004248890834
204 0.3120509406911212 0.3140378394003745 0.3144390393040086
205 0.6997838724883025 0.6997838724884298 0.3546423022148431
206 0.6886788325693743 0.6886346870781089 0.6713230920529014
207 0.6855731361005366 0.3120431532503402 0.6858957593536011
208 0.2999953925055147 0.7000046074942797 0.3582845762776705
209 0.622161775046991 0.3000751936798428 0.2954765715661124
210 0.4988193925295351 0.5696812316795788 0.2468816137886198
211 0.7523569632225642 0.4637293702611371 0.4497277304516423
212 0.467783677481034 0.7482034587799494 0.5556021414243101
213 0.5345271313278972 0.5043814661825472 0.7505566447704451
214 0.4991511458969531 0.249648543228366 0.528314004344564
215 0.2496369177404548 0.4719467568756876 0.5005525159871889
216 0.7596111109660152 0.2269456256838306 0.4759365795019825
217 0.2298003939310868 0.5172462698585095 0.2253941754731592
218 0.7629289339115839 0.5171961349873104 0.2215310517329219
219 0.4281473812093529 0.7987248842076389 0.7796562982953731
220 0.4990679794199622 0.2250612051058145 0.7892507761234825
221 0.2247242683568534 0.2108701048040233 0.5003846520947846
222 0.217323047692036 0.7825490033482233 0.5540886854974687
223 0.7603043356941783 0.5038428968269716 0.7847559300743516
224 0.4937784418237268 0.7972293676995693 0.2810439856462585
225 0.800384707751334 0.2173419182319249 0.199914583461122
226 0.1987434739886911 0.8012288890663665 0.7828167050721047
227 0.1941700289747523 0.4586524150914542 0.7898178622146356
228 0.4560339692521231 0.2088260780936985 0.1962108380143226
229 0.7930564135330683 0.7930564135331406 0.5199282440046609
230 0.218241051190183 0.8061487212933627 0.193851278706628
231 0.7770913189418573 0.8086438873981709 0.1913561126018583
232 0.8117908907669733 0.8117908907668429 0.7812360605110904
233 0.8139436657022885 0.1857443351179754 0.7806030294410803
234 0.1857361223828051 0.2193981897230475 0.1860481128661721
235 0.2231581228472154 0.1847305826123348 0.8152694173872621
$EndNodes
$Elements
1125
1 2 2 1 1 1 9 77
2 2 2 1 1 24 1 77
3 2 2 1 1 12 2 78
4 2 2 1 1 2 13 78
5 2 2 1 1 16 3 76
6 2 2 1 1 3 17 76
7 2 2 1 1 20 4 75
8 2 2 1 1 4 21 75
9 2 2 1 1 9 10 69
10 2 2 1 1 9 69 77
11 2 2 1 1 10 11 59
12 2 2 1 1 10 59 69
13 2 2 1 1 11 12 71
14 2 2 1 1 59 11 71
15 2 2 1 1 71 12 78
16 2 2 1 1 13 14 65
17 2 2 1 1 13 65 78
18 2 2 1 1 14 15 58
19 2 2 1 1 14 58 65
20 2 2 1 1 15 16 66
21 2 2 1 1 58 15 66
22 2 2 1 1 66 16 76
23 2 2 1 1 17 18 70
24 2 2 1 1 17 70 76
25 2 2 1 1 18 19 60
26 2 2 1 1 18 60 70
27 2 2 1 1 19 20 61
28 2 2 1 1 60 19 61
29 2 2 1 1 61 20 75
30 2 2 1 1 21 22 68
31 2 2 1 1 21 68 75
32 2 2 1 1 22 23 57
33 2 2 1 1 22 57 68
34 2 2 1 1 23 24 67
35 2 2 1 1 57 23 67
36 2 2 1 1 67 24 77
37 2 2 1 1 57 67 72
38 2 2 1 1 68 57 79
39 2 2 1 1 57 72 79
40 2 2 1 1 65 58 73
41 2 2 1 1 58 66 80
42 2 2 1 1 73 58 80
43 2 2 1 1 69 59 74
44 2 2 1 1 59 71 74
45 2 2 1 1 60 61 62
46 2 2 1 1 60 62 63
47 2 2 1 1 60 63 70
48 2 2 1 1 62 61 68
49 2 2 1 1 68 61 75
50 2 2 1 1 63 62 64
51 2 2 1 1 64 62 79
52 2 2 1 1 62 68 79
53 2 2 1 1 63 64 80
54 2 2 1 1 63 66 70
55 2 2 1 1 66 63 80
56 2 2 1 1 64 72 74
57 2 2 1 1 72 64 79
58 2 2 1 1 73 64 74
59 2 2 1 1 64 73 80
60 2 2 1 1 71 65 73
61 2 2 1 1 65 71 78
62 2 2 1 1 70 66 76
63 2 2 1 1 67 69 72
64 2 2 1 1 69 67 77
65 2 2 1 1 72 69 74
66 2 2 1 1 71 73 74
67 2 2 2 2 5 25 101
68 2 2 2 2 40 5 101
69 2 2 2 2 28 6 102
70 2 2 2 2 6 29 102
71 2 2 2 2 32 7 100
72 2 2 2 2 7 33 100
73 2 2 2 2 36 8 99
74 2 2 2 2 8 37 99
75 2 2 2 2 25 26 93
76 2 2 2 2 25 93 101
77 2 2 2 2 26 27 83
78 2 2 2 2 26 83 93
79 2 2 2 2 27 28 95
80 2 2 2 2 83 27 95
81 2 2 2 2 95 28 102
82 2 2 2 2 29 30 89
83 2 2 2 2 29 89 102
84 2 2 2 2 30 31 82
85 2 2 2 2 30 82 89
86 2 2 2 2 31 32 90
87 2 2 2 2 82 31 90
88 2 2 2 2 90 32 100
89 2 2 2 2 33 34 94
90 2 2 2 2 33 94 100
91 2 2 2 2 34 35 84
92 2 2 2 2 34 84 94
93 2 2 2 2 35 36 85
94 2 2 2 2 84 35 85
95 2 2 2 2 85 36 99
96 2 2 2 2 37 38 92
97 2 2 2 2 37 92 99
98 2 2 2 2 38 39 81
99 2 2 2 2 38 81 92
100 2 2 2 2 39 40 91
101 2 2 2 2 81 39 91
102 2 2 2 2 91 40 101
103 2 2 2 2 81 91 96
104 2 2 2 2 92 81 103
105 2 2 2 2 81 96 103
106 2 2 2 2 89 82 97
107 2 2 2 2 82 90 104
108 2 2 2 2 97 82 104
109 2 2 2 2 93 83 98
110 2 2 2 2 83 95 98
111 2 2 2 2 84 85 86
112 2 2 2 2 84 86 87
113 2 2 2 2 84 87 94
114 2 2 2 2 86 85 92
115 2 2 2 2 92 85 99
116 2 2 2 2 87 86 88
117 2 2 2 2 88 86 103
118 2 2 2 2 86 92 103
119 2 2 2 2 87 88 104
120 2 2 2 2 87 90 94
121 2 2 2 2 90 87 104
122 2 2 2 2 88 96 98
123 2 2 2 2 96 88 103
124 2 2 2 2 97 88 98
125 2 2 2 2 88 97 104
126 2 2 2 2 95 89 97
127 2 2 2 2 89 95 102
128 2 2 2 2 94 90 100
129 2 2 2 2 91 93 96
130 2 2 2 2 93 91 101
131 2 2 2 2 96 93 98
132 2 2 2 2 95 97 98
133 2 2 3 3 1 9 126
134 2 2 3 3 41 1 126
135 2 2 3 3 12 2 123
136 2 2 3 3 2 45 123
137 2 2 3 3 25 5 125
138 2 2 3 3 5 44 125
139 2 2 3 3 6 28 124
140 2 2 3 3 48 6 124
141 2 2 3 3 9 10 113
142 2 2 3 3 9 113 126
143 2 2 3 3 10 11 108
144 2 2 3 3 10 108 113
145 2 2 3 3 11 12 114
146 2 2 3 3 108 11 114
147 2 2 3 3 114 12 123
148 2 2 3 3 26 25 118
149 2 2 3 3 118 25 125
150 2 2 3 3 27 26 107
151 2 2 3 3 107 26 118
152 2 2 3 3 28 27 116
153 2 2 3 3 27 107 116
154 2 2 3 3 28 116 124
155 2 2 3 3 42 41 119
156 2 2 3 3 119 41 126
157 2 2 3 3 43 42 105
158 2 2 3 3 105 42 119
159 2 2 3 3 44 43 115
160 2 2 3 3 43 105 115
161 2 2 3 3 44 115 125
162 2 2 3 3 45 46 117
163 2 2 3 3 45 117 123
164 2 2 3 3 46 47 106
165 2 2 3 3 46 106 117
166 2 2 3 3 47 48 109
167 2 2 3 3 106 47 109
168 2 2 3 3 109 48 124
169 2 2 3 3 115 105 122
170 2 2 3 3 105 119 122
171 2 2 3 3 106 109 110
172 2 2 3 3 106 110 111
173 2 2 3 3 106 111 117
174 2 2 3 3 116 107 128
175 2 2 3 3 107 118 121
176 2 2 3 3 107 121 128
177 2 2 3 3 113 108 120
178 2 2 3 3 108 114 127
179 2 2 3 3 120 108 127
180 2 2 3 3 110 109 116
181 2 2 3 3 116 109 124
182 2 2 3 3 111 110 112
183 2 2 3 3 112 110 128
184 2 2 3 3 110 116 128
185 2 2 3 3 111 112 127
186 2 2 3 3 111 114 117
187 2 2 3 3 114 111 127
188 2 2 3 3 120 112 122
189 2 2 3 3 112 120 127
190 2 2 3 3 112 121 122
191 2 2 3 3 121 112 128
192 2 2 3 3 119 113 120
193 2 2 3 3 113 119 126
194 2 2 3 3 117 114 123
195 2 2 3 3 118 115 121
196 2 2 3 3 115 118 125
197 2 2 3 3 121 115 122
198 2 2 3 3 119 120 122
199 2 2 4 4 2 13 149
200 2 2 4 4 45 2 149
201 2 2 4 4 16 3 150
202 2 2 4 4 3 49 150
203 2 2 4 4 29 6 148
204 2 2 4 4 6 48 148
205 2 2 4 4 7 32 147
206 2 2 4 4 52 7 147
207 2 2 4 4 13 14 133
208 2 2 4 4 13 133 149
209 2 2 4 4 14 15 129
210 2 2 4 4 14 129 133
211 2 2 4 4 15 16 140
212 2 2 4 4 129 15 140
213 2 2 4 4 140 16 150
214 2 2 4 4 30 29 142
215 2 2 4 4 142 29 148
216 2 2 4 4 31 30 130
217 2 2 4 4 130 30 142
218 2 2 4 4 32 31 141
219 2 2 4 4 31 130 141
220 2 2 4 4 32 141 147
221 2 2 4 4 46 45 143
222 2 2 4 4 143 45 149
223 2 2 4 4 47 46 132
224 2 2 4 4 132 46 143
225 2 2 4 4 48 47 138
226 2 2 4 4 47 132 138
227 2 2 4 4 48 138 148
228 2 2 4 4 49 50 139
229 2 2 4 4 49 139 150
230 2 2 4 4 50 51 131
231 2 2 4 4 50 131 139
232 2 2 4 4 51 52 137
233 2 2 4 4 131 51 137
234 2 2 4 4 137 52 147
235 2 2 4 4 133 129 134
236 2 2 4 4 134 129 135
237 2 2 4 4 135 129 140
238 2 2 4 4 141 130 146
239 2 2 4 4 130 142 146
240 2 2 4 4 131 137 144
241 2 2 4 4 139 131 151
242 2 2 4 4 131 144 151
243 2 2 4 4 138 132 145
244 2 2 4 4 132 143 152
245 2 2 4 4 145 132 152
246 2 2 4 4 133 134 143
247 2 2 4 4 133 143 149
248 2 2 4 4 134 135 136
249 2 2 4 4 134 136 152
250 2 2 4 4 143 134 152
251 2 2 4 4 136 135 151
252 2 2 4 4 139 135 140
253 2 2 4 4 135 139 151
254 2 2 4 4 136 144 146
255 2 2 4 4 144 136 151
256 2 2 4 4 145 136 146
257 2 2 4 4 136 145 152
258 2 2 4 4 137 141 144
259 2 2 4 4 141 137 147
260 2 2 4 4 142 138 145
261 2 2 4 4 138 142 148
262 2 2 4 4 139 140 150
263 2 2 4 4 144 141 146
264 2 2 4 4 142 145 146
265 2 2 5 5 3 17 172
266 2 2 5 5 49 3 172
267 2 2 5 5 20 4 171
268 2 2 5 5 4 53 171
269 2 2 5 5 33 7 174
270 2 2 5 5 7 52 174
271 2 2 5 5 8 36 173
272 2 2 5 5 56 8 173
273 2 2 5 5 17 18 167
274 2 2 5 5 17 167 172
275 2 2 5 5 18 19 153
276 2 2 5 5 18 153 167
277 2 2 5 5 19 20 157
278 2 2 5 5 153 19 157
279 2 2 5 5 157 20 171
280 2 2 5 5 34 33 166
281 2 2 5 5 166 33 174
282 2 2 5 5 35 34 154
283 2 2 5 5 154 34 166
284 2 2 5 5 36 35 165
285 2 2 5 5 35 154 165
286 2 2 5 5 36 165 173
287 2 2 5 5 50 49 162
288 2 2 5 5 162 49 172
289 2 2 5 5 51 50 156
290 2 2 5 5 156 50 162
291 2 2 5 5 52 51 161
292 2 2 5 5 51 156 161
293 2 2 5 5 52 161 174
294 2 2 5 5 53 54 164
295 2 2 5 5 53 164 171
296 2 2 5 5 54 55 155
297 2 2 5 5 54 155 164
298 2 2 5 5 55 56 163
299 2 2 5 5 155 55 163
300 2 2 5 5 163 56 173
301 2 2 5 5 153 157 158
302 2 2 5 5 153 158 159
303 2 2 5 5 153 159 167
304 2 2 5 5 165 154 170
305 2 2 5 5 154 166 170
306 2 2 5 5 155 163 168
307 2 2 5 5 164 155 175
308 2 2 5 5 155 168 175
309 2 2 5 5 161 156 169
310 2 2 5 5 156 162 176
311 2 2 5 5 169 156 176
312 2 2 5 5 158 157 164
313 2 2 5 5 164 157 171
314 2 2 5 5 159 158 160
315 2 2 5 5 160 158 175
316 2 2 5 5 158 164 175
317 2 2 5 5 159 160 176
318 2 2 5 5 159 162 167
319 2 2 5 5 162 159 176
320 2 2 5 5 160 168 170
321 2 2 5 5 168 160 175
322 2 2 5 5 169 160 170
323 2 2 5 5 160 169 176
324 2 2 5 5 166 161 169
325 2 2 5 5 161 166 174
326 2 2 5 5 167 162 172
327 2 2 5 5 163 165 168
328 2 2 5 5 165 163 173
329 2 2 5 5 168 165 170
330 2 2 5 5 166 169 170
331 2 2 6 6 24 1 195
332 2 2 6 6 1 41 195
333 2 2 6 6 4 21 196
334 2 2 6 6 53 4 196
335 2 2 6 6 5 40 197
336 2 2 6 6 44 5 197
337 2 2 6 6 37 8 198
338 2 2 6 6 8 56 198
339 2 2 6 6 21 22 191
340 2 2 6 6 21 191 196
341 2 2 6 6 22 23 177
342 2 2 6 6 22 177 191
343 2 2 6 6 23 24 181
344 2 2 6 6 177 23 181
345 2 2 6 6 181 24 195
346 2 2 6 6 38 37 190
347 2 2 6 6 190 37 198
348 2 2 6 6 39 38 178
349 2 2 6 6 178 38 190
350 2 2 6 6 40 39 189
351 2 2 6 6 39 178 189
352 2 2 6 6 40 189 197
353 2 2 6 6 41 42 188
354 2 2 6 6 41 188 195
355 2 2 6 6 42 43 179
356 2 2 6 6 42 179 188
357 2 2 6 6 43 44 187
358 2 2 6 6 179 43 187
359 2 2 6 6 187 44 197
360 2 2 6 6 54 53 186
361 2 2 6 6 186 53 196
362 2 2 6 6 55 54 180
363 2 2 6 6 180 54 186
364 2 2 6 6 56 55 185
365 2 2 6 6 55 180 185
366 2 2 6 6 56 185 198
367 2 2 6 6 177 181 182
368 2 2 6 6 177 182 183
369 2 2 6 6 177 183 191
370 2 2 6 6 189 178 194
371 2 2 6 6 178 190 194
372 2 2 6 6 179 187 192
373 2 2 6 6 188 179 199
374 2 2 6 6 179 192 199
375 2 2 6 6 185 180 193
376 2 2 6 6 180 186 200
377 2 2 6 6 193 180 200
378 2 2 6 6 182 181 188
379 2 2 6 6 188 181 195
380 2 2 6 6 183 182 184
381 2 2 6 6 184 182 199
382 2 2 6 6 182 188 199
383 2 2 6 6 183 184 200
384 2 2 6 6 183 186 191
385 2 2 6 6 186 183 200
386 2 2 6 6 184 192 194
387 2 2 6 6 192 184 199
388 2 2 6 6 193 184 194
389 2 2 6 6 184 193 200
390 2 2 6 6 190 185 193
391 2 2 6 6 185 190 198
392 2 2 6 6 191 186 196
393 2 2 6 6 187 189 192
394 2 2 6 6 189 187 197
395 2 2 6 6 192 189 194
396 2 2 6 6 190 193 194
397 4 2 7 1 72 210 204 228
398 4 2 7 1 94 206 219 232
399 4 2 7 1 206 211 144 223
400 4 2 7 1 204 210 72 217
401 4 2 7 1 94 206 87 219
402 4 2 7 1 136 144 211 223
403 4 2 7 1 94 219 166 232
404 4 2 7 1 205 212 176 224
405 4 2 7 1 206 213 211 223
406 4 2 7 1 144 211 206 229
407 4 2 7 1 206 201 211 213
408 4 2 7 1 211 213 207 223
409 4 2 7 1 202 213 96 220
410 4 2 7 1 205 176 212 229
411 4 2 7 1 202 96 213 227
412 4 2 7 1 166 219 206 232
413 4 2 7 1 204 215 210 217
414 4 2 7 1 204 201 210 215
415 4 2 7 1 201 209 204 210
416 4 2 7 1 207 211 201 213
417 4 2 7 1 103 213 96 227
418 4 2 7 1 154 94 84 219
419 4 2 7 1 144 151 211 229
420 4 2 7 1 72 74 210 228
421 4 2 7 1 205 206 201 211
422 4 2 7 1 210 215 208 217
423 4 2 7 1 87 206 94 232
424 4 2 7 1 204 210 209 228
425 4 2 7 1 208 210 201 215
426 4 2 7 1 103 203 213 227
427 4 2 7 1 201 205 210 212
428 4 2 7 1 201 206 205 212
429 4 2 7 1 62 210 208 217
430 4 2 7 1 160 176 212 224
431 4 2 7 1 210 212 205 224
432 4 2 7 1 73 210 209 218
433 4 2 7 1 62 208 210 224
434 4 2 7 1 201 203 202 213
435 4 2 7 1 62 217 208 230
436 4 2 7 1 208 224 62 230
437 4 2 7 1 87 206 213 219
438 4 2 7 1 120 214 204 221
439 4 2 7 1 120 204 214 228
440 4 2 7 1 63 210 205 224
441 4 2 7 1 204 209 201 214
442 4 2 7 1 63 224 205 231
443 4 2 7 1 176 169 212 229
444 4 2 7 1 202 203 201 215
445 4 2 7 1 63 205 210 218
446 4 2 7 1 94 87 84 219
447 4 2 7 1 127 214 209 228
448 4 2 7 1 154 166 94 219
449 4 2 7 1 205 218 63 231
450 4 2 7 1 207 211 145 216
451 4 2 7 1 151 205 211 229
452 4 2 7 1 208 212 203 215
453 4 2 7 1 200 215 208 222
454 4 2 7 1 127 120 214 228
455 4 2 7 1 134 216 211 225
456 4 2 7 1 211 218 134 225
457 4 2 7 1 175 212 208 224
458 4 2 7 1 79 72 210 217
459 4 2 7 1 136 144 151 211
460 4 2 7 1 73 64 209 210
461 4 2 7 1 193 203 215 222
462 4 2 7 1 206 212 169 229
463 4 2 7 1 201 210 208 212
464 4 2 7 1 193 215 200 222
465 4 2 7 1 201 212 208 215
466 4 2 7 1 209 218 211 225
467 4 2 7 1 209 210 74 228
468 4 2 7 1 208 212 210 224
469 4 2 7 1 209 210 201 211
470 4 2 7 1 121 202 214 221
471 4 2 7 1 70 167 153 224
472 4 2 7 1 72 74 64 210
473 4 2 7 1 132 109 138 216
474 4 2 7 1 70 167 224 231
475 4 2 7 1 86 103 203 213
476 4 2 7 1 109 138 216 233
477 4 2 7 1 211 216 209 225
478 4 2 7 1 201 203 212 215
479 4 2 7 1 159 205 176 224
480 4 2 7 1 153 60 70 224
481 4 2 7 1 200 183 208 215
482 4 2 7 1 203 212 208 222
483 4 2 7 1 146 144 136 223
484 4 2 7 1 202 201 213 214
485 4 2 7 1 61 153 157 224
486 4 2 7 1 127 111 209 214
487 4 2 7 1 208 215 203 222
488 4 2 7 1 210 211 209 218
489 4 2 7 1 207 201 211 214
490 4 2 7 1 86 213 203 219
491 4 2 7 1 199 204 215 221
492 4 2 7 1 145 207 142 223
493 4 2 7 1 128 207 214 220
494 4 2 7 1 61 60 153 224
495 4 2 7 1 202 214 213 220
496 4 2 7 1 160 159 176 224
497 4 2 7 1 89 207 223 233
498 4 2 7 1 187 221 202 235
499 4 2 7 1 61 224 157 230
500 4 2 7 1 164 186 208 222
501 4 2 7 1 206 211 205 229
502 4 2 7 1 98 96 213 220
503 4 2 7 1 106 109 132 216
504 4 2 7 1 103 88 96 213
505 4 2 7 1 114 209 225 228
506 4 2 7 1 204 214 201 215
507 4 2 7 1 90 223 206 232
508 4 2 7 1 73 80 210 218
509 4 2 7 1 205 201 210 211
510 4 2 7 1 90 87 206 223
511 4 2 7 1 97 213 207 220
512 4 2 7 1 65 133 218 225
513 4 2 7 1 208 215 183 217
514 4 2 7 1 63 70 224 231
515 4 2 7 1 87 213 206 223
516 4 2 7 1 160 176 169 212
517 4 2 7 1 209 214 111 216
518 4 2 7 1 79 72 64 210
519 4 2 7 1 158 175 208 224
520 4 2 7 1 209 211 201 214
521 4 2 7 1 151 205 135 211
522 4 2 7 1 202 213 203 227
523 4 2 7 1 64 74 209 210
524 4 2 7 1 90 206 87 232
525 4 2 7 1 214 215 204 221
526 4 2 7 1 182 199 204 215
527 4 2 7 1 110 128 207 214
528 4 2 7 1 213 214 207 220
529 4 2 7 1 202 220 96 235
530 4 2 7 1 58 65 133 218
531 4 2 7 1 89 207 97 223
532 4 2 7 1 207 214 211 216
533 4 2 7 1 67 57 181 217
534 4 2 7 1 212 213 206 219
535 4 2 7 1 60 63 70 224
536 4 2 7 1 67 217 181 234
537 4 2 7 1 187 192 202 221
538 4 2 7 1 92 226 203 227
539 4 2 7 1 61 62 224 230
540 4 2 7 1 203 226 190 227
541 4 2 7 1 192 202 227 235
542 4 2 7 1 121 214 202 220
543 4 2 7 1 97 207 89 233
544 4 2 7 1 208 212 175 222
545 4 2 7 1 138 145 216 233
546 4 2 7 1 211 214 209 216
547 4 2 7 1 155 180 164 222
548 4 2 7 1 164 208 186 230
549 4 2 7 1 87 213 86 219
550 4 2 7 1 207 213 201 214
551 4 2 7 1 205 211 210 218
552 4 2 7 1 193 184 200 215
553 4 2 7 1 205 212 206 229
554 4 2 7 1 207 216 145 233
555 4 2 7 1 116 207 128 220
556 4 2 7 1 199 188 204 221
557 4 2 7 1 170 206 166 219
558 4 2 7 1 202 215 214 221
559 4 2 7 1 129 58 133 218
560 4 2 7 1 166 206 169 232
561 4 2 7 1 192 202 215 227
562 4 2 7 1 121 115 202 221
563 4 2 7 1 142 207 145 233
564 4 2 7 1 135 218 205 231
565 4 2 7 1 187 202 192 235
566 4 2 7 1 202 201 214 215
567 4 2 7 1 182 215 204 217
568 4 2 7 1 203 213 212 219
569 4 2 7 1 181 57 177 217
570 4 2 7 1 209 214 204 228
571 4 2 7 1 73 80 64 210
572 4 2 7 1 140 218 135 231
573 4 2 7 1 60 61 62 224
574 4 2 7 1 203 201 212 213
575 4 2 7 1 89 223 142 233
576 4 2 7 1 200 208 186 222
577 4 2 7 1 121 202 115 235
578 4 2 7 1 110 214 207 216
579 4 2 7 1 142 223 207 233
580 4 2 7 1 164 180 186 222
581 4 2 7 1 92 190 226 227
582 4 2 7 1 120 204 228 234
583 4 2 7 1 206 212 201 213
584 4 2 7 1 208 217 183 230
585 4 2 7 1 112 127 120 214
586 4 2 7 1 152 145 211 216
587 4 2 7 1 132 138 145 216
588 4 2 7 1 206 223 141 232
589 4 2 7 1 192 215 202 221
590 4 2 7 1 202 221 115 235
591 4 2 7 1 110 128 116 207
592 4 2 7 1 207 213 97 223
593 4 2 7 1 199 188 182 204
594 4 2 7 1 204 217 72 234
595 4 2 7 1 73 218 209 225
596 4 2 7 1 120 228 113 234
597 4 2 7 1 93 96 220 235
598 4 2 7 1 133 134 218 225
599 4 2 7 1 170 169 206 212
600 4 2 7 1 170 212 206 219
601 4 2 7 1 164 208 175 222
602 4 2 7 1 191 183 217 230
603 4 2 7 1 205 229 139 231
604 4 2 7 1 135 211 205 218
605 4 2 7 1 72 228 204 234
606 4 2 7 1 90 104 87 223
607 4 2 7 1 110 216 207 233
608 4 2 7 1 209 216 111 225
609 4 2 7 1 110 109 216 233
610 4 2 7 1 79 210 62 217
611 4 2 7 1 67 72 217 234
612 4 2 7 1 71 225 209 228
613 4 2 7 1 193 203 194 215
614 4 2 7 1 207 220 116 233
615 4 2 7 1 182 217 204 234
616 4 2 7 1 187 115 221 235
617 4 2 7 1 188 204 221 234
618 4 2 7 1 104 213 87 223
619 4 2 7 1 134 143 216 225
620 4 2 7 1 127 209 114 228
621 4 2 7 1 162 139 229 231
622 4 2 7 1 116 110 207 233
623 4 2 7 1 120 122 214 221
624 4 2 7 1 182 183 215 217
625 4 2 7 1 182 204 188 234
626 4 2 7 1 141 206 144 223
627 4 2 7 1 144 206 141 232
628 4 2 7 1 62 68 217 230
629 4 2 7 1 134 152 211 216
630 4 2 7 1 86 219 203 226
631 4 2 7 1 121 214 122 221
632 4 2 7 1 66 63 218 231
633 4 2 7 1 169 166 170 206
634 4 2 7 1 73 65 218 225
635 4 2 7 1 59 108 114 228
636 4 2 7 1 58 129 140 218
637 4 2 7 1 181 217 182 234
638 4 2 7 1 121 220 202 235
639 4 2 7 1 139 135 205 231
640 4 2 7 1 134 143 152 216
641 4 2 7 1 63 210 80 218
642 4 2 7 1 114 209 111 225
643 4 2 7 1 162 229 205 231
644 4 2 7 1 86 88 103 213
645 4 2 7 1 176 205 162 229
646 4 2 7 1 151 139 205 229
647 4 2 7 1 64 74 73 209
648 4 2 7 1 186 208 183 230
649 4 2 7 1 62 210 63 224
650 4 2 7 1 110 111 214 216
651 4 2 7 1 114 225 71 228
652 4 2 7 1 145 142 146 223
653 4 2 7 1 103 92 203 227
654 4 2 7 1 119 120 204 221
655 4 2 7 1 96 227 202 235
656 4 2 7 1 121 128 214 220
657 4 2 7 1 140 66 218 231
658 4 2 7 1 127 111 114 209
659 4 2 7 1 127 112 111 214
660 4 2 7 1 200 184 183 215
661 4 2 7 1 97 207 95 220
662 4 2 7 1 86 203 92 226
663 4 2 7 1 118 83 107 220
664 4 2 7 1 80 66 63 218
665 4 2 7 1 98 96 88 213
666 4 2 7 1 159 162 176 205
667 4 2 7 1 151 139 135 205
668 4 2 7 1 186 200 183 208
669 4 2 7 1 82 90 130 223
670 4 2 7 1 117 111 216 225
671 4 2 7 1 79 62 68 217
672 4 2 7 1 62 63 60 224
673 4 2 7 1 58 140 66 218
674 4 2 7 1 119 204 120 234
675 4 2 7 1 200 186 180 222
676 4 2 7 1 159 162 205 231
677 4 2 7 1 156 139 131 229
678 4 2 7 1 190 203 193 226
679 4 2 7 1 168 212 219 222
680 4 2 7 1 97 95 207 233
681 4 2 7 1 86 103 92 203
682 4 2 7 1 117 106 143 216
683 4 2 7 1 192 227 189 235
684 4 2 7 1 206 229 169 232
685 4 2 7 1 68 191 217 230
686 4 2 7 1 95 220 207 233
687 4 2 7 1 119 221 204 234
688 4 2 7 1 61 153 19 157
689 4 2 7 1 132 143 106 216
690 4 2 7 1 121 118 220 235
691 4 2 7 1 175 164 158 208
692 4 2 7 1 203 222 193 226
693 4 2 7 1 129 133 134 218
694 4 2 7 1 90 87 94 232
695 4 2 7 1 205 224 159 231
696 4 2 7 1 168 222 219 226
697 4 2 7 1 67 72 57 217
698 4 2 7 1 153 61 19 60
699 4 2 7 1 106 110 109 216
700 4 2 7 1 117 216 143 225
701 4 2 7 1 158 208 164 230
702 4 2 7 1 92 81 178 227
703 4 2 7 1 158 224 208 230
704 4 2 7 1 199 215 192 221
705 4 2 7 1 92 178 190 227
706 4 2 7 1 120 122 112 214
707 4 2 7 1 98 213 97 220
708 4 2 7 1 139 140 135 231
709 4 2 7 1 203 215 202 227
710 4 2 7 1 136 151 135 211
711 4 2 7 1 72 69 228 234
712 4 2 7 1 144 229 206 232
713 4 2 7 1 184 193 194 215
714 4 2 7 1 187 115 179 221
715 4 2 7 1 194 215 203 227
716 4 2 7 1 115 105 179 221
717 4 2 7 1 136 152 145 211
718 4 2 7 1 22 177 57 191
719 4 2 7 1 93 83 118 220
720 4 2 7 1 156 162 139 229
721 4 2 7 1 155 164 175 222
722 4 2 7 1 83 116 107 220
723 4 2 7 1 156 139 50 131
724 4 2 7 1 70 18 153 167
725 4 2 7 1 86 85 219 226
726 4 2 7 1 167 159 224 231
727 4 2 7 1 96 91 227 235
728 4 2 7 1 105 188 179 221
729 4 2 7 1 110 111 112 214
730 4 2 7 1 15 140 58 129
731 4 2 7 1 182 183 184 215
732 4 2 7 1 181 177 182 217
733 4 2 7 1 118 93 220 235
734 4 2 7 1 153 60 18 70
735 4 2 7 1 192 215 194 227
736 4 2 7 1 156 137 161 229
737 4 2 7 1 87 88 86 213
738 4 2 7 1 168 175 212 222
739 4 2 7 1 203 219 212 222
740 4 2 7 1 58 73 65 218
741 4 2 7 1 185 155 163 222
742 4 2 7 1 191 186 183 230
743 4 2 7 1 156 131 137 229
744 4 2 7 1 155 54 164 180
745 4 2 7 1 180 155 185 222
746 4 2 7 1 137 161 51 156
747 4 2 7 1 158 157 224 230
748 4 2 7 1 187 192 189 235
749 4 2 7 1 90 141 223 232
750 4 2 7 1 135 134 211 218
751 4 2 7 1 14 58 65 133
752 4 2 7 1 155 55 185 163
753 4 2 7 1 51 131 137 156
754 4 2 7 1 139 156 50 162
755 4 2 7 1 23 181 67 57
756 4 2 7 1 109 47 132 138
757 4 2 7 1 14 58 133 129
758 4 2 7 1 73 209 71 225
759 4 2 7 1 155 55 180 185
760 4 2 7 1 140 66 15 58
761 4 2 7 1 59 114 71 228
762 4 2 7 1 108 127 114 228
763 4 2 7 1 181 23 177 57
764 4 2 7 1 132 106 47 109
765 4 2 7 1 68 22 57 191
766 4 2 7 1 104 97 213 223
767 4 2 7 1 188 221 119 234
768 4 2 7 1 219 222 203 226
769 4 2 7 1 95 116 220 233
770 4 2 7 1 137 161 229 232
771 4 2 7 1 119 120 113 234
772 4 2 7 1 161 169 229 232
773 4 2 7 1 86 92 85 226
774 4 2 7 1 54 186 164 180
775 4 2 7 1 97 89 95 233
776 4 2 7 1 144 137 229 232
777 4 2 7 1 193 190 194 203
778 4 2 7 1 114 111 117 225
779 4 2 7 1 121 118 107 220
780 4 2 7 1 121 128 112 214
781 4 2 7 1 190 194 203 227
782 4 2 7 1 121 122 115 221
783 4 2 7 1 154 170 166 219
784 4 2 7 1 141 130 90 223
785 4 2 7 1 59 108 11 114
786 4 2 7 1 31 130 82 90
787 4 2 7 1 93 96 98 220
788 4 2 7 1 187 179 192 221
789 4 2 7 1 103 81 92 227
790 4 2 7 1 153 167 159 224
791 4 2 7 1 170 160 169 212
792 4 2 7 1 188 42 105 179
793 4 2 7 1 98 88 97 213
794 4 2 7 1 130 82 89 30
795 4 2 7 1 110 112 128 214
796 4 2 7 1 182 184 199 215
797 4 2 7 1 39 81 91 227
798 4 2 7 1 27 107 83 116
799 4 2 7 1 84 85 35 219
800 4 2 7 1 89 97 82 223
801 4 2 7 1 69 113 228 234
802 4 2 7 1 35 154 84 219
803 4 2 7 1 63 64 80 210
804 4 2 7 1 185 222 163 226
805 4 2 7 1 104 88 87 213
806 4 2 7 1 168 175 160 212
807 4 2 7 1 79 64 62 210
808 4 2 7 1 140 129 135 218
809 4 2 7 1 192 184 194 215
810 4 2 7 1 185 193 222 226
811 4 2 7 1 88 104 97 213
812 4 2 7 1 199 184 192 215
813 4 2 7 1 105 119 188 221
814 4 2 7 1 113 108 10 228
815 4 2 7 1 95 116 83 220
816 4 2 7 1 108 59 10 228
817 4 2 7 1 163 222 168 226
818 4 2 7 1 81 39 178 227
819 4 2 7 1 135 134 136 211
820 4 2 7 1 130 89 142 30
821 4 2 7 1 26 107 118 83
822 4 2 7 1 141 144 146 223
823 4 2 7 1 121 112 122 214
824 4 2 7 1 87 86 84 219
825 4 2 7 1 153 158 157 224
826 4 2 7 1 177 191 183 217
827 4 2 7 1 69 113 10 228
828 4 2 7 1 145 152 132 216
829 4 2 7 1 69 10 59 228
830 4 2 7 1 34 94 84 154
831 4 2 7 1 159 160 158 224
832 4 2 7 1 168 212 170 219
833 4 2 7 1 117 111 106 216
834 4 2 7 1 91 189 227 235
835 4 2 7 1 93 26 118 83
836 4 2 7 1 38 178 92 81
837 4 2 7 1 176 162 156 229
838 4 2 7 1 151 131 139 229
839 4 2 7 1 63 62 64 210
840 4 2 7 1 134 152 136 211
841 4 2 7 1 152 143 132 216
842 4 2 7 1 99 190 198 226
843 4 2 7 1 190 178 92 38
844 4 2 7 1 154 34 94 166
845 4 2 7 1 114 11 59 71
846 4 2 7 1 130 31 141 90
847 4 2 7 1 162 172 150 231
848 4 2 7 1 107 116 128 220
849 4 2 7 1 165 168 219 226
850 4 2 7 1 135 129 134 218
851 4 2 7 1 133 143 134 225
852 4 2 7 1 171 186 196 230
853 4 2 7 1 188 42 119 105
854 4 2 7 1 199 179 188 221
855 4 2 7 1 157 158 164 230
856 4 2 7 1 61 68 62 230
857 4 2 7 1 185 190 193 226
858 4 2 7 1 116 109 110 233
859 4 2 7 1 182 188 181 234
860 4 2 7 1 139 162 150 231
861 4 2 7 1 93 91 96 235
862 4 2 7 1 142 130 146 223
863 4 2 7 1 83 95 27 116
864 4 2 7 1 90 82 104 223
865 4 2 7 1 92 190 99 226
866 4 2 7 1 63 66 70 231
867 4 2 7 1 159 167 162 231
868 4 2 7 1 35 85 165 219
869 4 2 7 1 166 169 161 232
870 4 2 7 1 138 142 145 233
871 4 2 7 1 72 67 69 234
872 4 2 7 1 39 91 189 227
873 4 2 7 1 164 186 171 230
874 4 2 7 1 156 161 169 229
875 4 2 7 1 141 146 130 223
876 4 2 7 1 58 66 80 218
877 4 2 7 1 165 154 35 219
878 4 2 7 1 131 144 137 229
879 4 2 7 1 197 91 101 235
880 4 2 7 1 125 187 197 235
881 4 2 7 1 125 115 187 235
882 4 2 7 1 173 85 99 226
883 4 2 7 1 76 140 150 231
884 4 2 7 1 66 140 76 231
885 4 2 7 1 119 122 120 221
886 4 2 7 1 117 149 123 225
887 4 2 7 1 142 148 89 233
888 4 2 7 1 69 77 113 234
889 4 2 7 1 118 121 115 235
890 4 2 7 1 102 89 148 233
891 4 2 7 1 113 77 126 234
892 4 2 7 1 177 183 182 217
893 4 2 7 1 57 79 68 217
894 4 2 7 1 191 75 196 230
895 4 2 7 1 98 97 95 220
896 4 2 7 1 143 149 117 225
897 4 2 7 1 57 72 79 217
898 4 2 7 1 39 189 178 227
899 4 2 7 1 191 68 75 230
900 4 2 7 1 94 174 100 232
901 4 2 7 1 166 174 94 232
902 4 2 7 1 71 74 59 228
903 4 2 7 1 65 149 133 225
904 4 2 7 1 198 99 37 190
905 4 2 7 1 185 163 198 226
906 4 2 7 1 162 172 49 150
907 4 2 7 1 107 128 121 220
908 4 2 7 1 81 96 91 227
909 4 2 7 1 170 168 160 212
910 4 2 7 1 190 178 194 227
911 4 2 7 1 180 185 193 222
912 4 2 7 1 165 219 85 226
913 4 2 7 1 171 53 196 186
914 4 2 7 1 61 157 75 230
915 4 2 7 1 56 185 163 198
916 4 2 7 1 192 179 199 221
917 4 2 7 1 149 65 78 225
918 4 2 7 1 80 73 58 218
919 4 2 7 1 133 65 13 149
920 4 2 7 1 20 61 157 75
921 4 2 7 1 106 111 110 216
922 4 2 7 1 165 163 168 226
923 4 2 7 1 120 108 113 228
924 4 2 7 1 163 173 198 226
925 4 2 7 1 49 139 162 150
926 4 2 7 1 168 163 155 222
927 4 2 7 1 74 72 69 228
928 4 2 7 1 92 37 99 190
929 4 2 7 1 73 71 65 225
930 4 2 7 1 52 161 137 232
931 4 2 7 1 70 76 167 231
932 4 2 7 1 84 86 85 219
933 4 2 7 1 157 171 75 230
934 4 2 7 1 70 76 17 167
935 4 2 7 1 137 144 141 232
936 4 2 7 1 53 171 164 186
937 4 2 7 1 149 65 13 78
938 4 2 7 1 75 157 20 171
939 4 2 7 1 163 173 56 198
940 4 2 7 1 195 119 126 234
941 4 2 7 1 109 48 138 233
942 4 2 7 1 181 24 67 234
943 4 2 7 1 123 78 71 225
944 4 2 7 1 36 99 173 85
945 4 2 7 1 101 40 91 197
946 4 2 7 1 100 147 141 232
947 4 2 7 1 172 167 76 231
948 4 2 7 1 95 102 124 233
949 4 2 7 1 76 172 17 167
950 4 2 7 1 188 119 195 234
951 4 2 7 1 52 174 161 232
952 4 2 7 1 52 137 147 232
953 4 2 7 1 197 189 91 235
954 4 2 7 1 123 71 114 225
955 4 2 7 1 100 141 90 232
956 4 2 7 1 173 165 85 226
957 4 2 7 1 103 96 81 227
958 4 2 7 1 116 95 124 233
959 4 2 7 1 150 140 139 231
960 4 2 7 1 142 148 29 89
961 4 2 7 1 9 77 113 69
962 4 2 7 1 83 98 95 220
963 4 2 7 1 138 48 148 233
964 4 2 7 1 77 67 24 234
965 4 2 7 1 82 97 104 223
966 4 2 7 1 148 102 29 89
967 4 2 7 1 9 77 126 113
968 4 2 7 1 109 124 48 233
969 4 2 7 1 181 195 24 234
970 4 2 7 1 119 105 122 221
971 4 2 7 1 200 180 193 222
972 4 2 7 1 187 125 44 115
973 4 2 7 1 197 125 44 187
974 4 2 7 1 120 127 108 228
975 4 2 7 1 94 100 90 232
976 4 2 7 1 174 52 147 232
977 4 2 7 1 16 150 76 140
978 4 2 7 1 66 16 76 140
979 4 2 7 1 115 122 105 221
980 4 2 7 1 118 25 93 235
981 4 2 7 1 175 168 155 222
982 4 2 7 1 93 98 83 220
983 4 2 7 1 100 94 33 174
984 4 2 7 1 94 166 33 174
985 4 2 7 1 123 117 45 149
986 4 2 7 1 21 191 75 196
987 4 2 7 1 191 196 186 230
988 4 2 7 1 191 68 21 75
989 4 2 7 1 117 143 45 149
990 4 2 7 1 144 131 151 229
991 4 2 7 1 169 176 156 229
992 4 2 7 1 41 126 195 119
993 4 2 7 1 148 48 124 233
994 4 2 7 1 195 77 24 234
995 4 2 7 1 117 123 114 225
996 4 2 7 1 192 194 189 227
997 4 2 7 1 100 32 141 147
998 4 2 7 1 12 71 123 78
999 4 2 7 1 125 25 118 235
1000 4 2 7 1 188 41 195 119
1001 4 2 7 1 28 124 95 102
1002 4 2 7 1 101 93 25 235
1003 4 2 7 1 32 141 90 100
1004 4 2 7 1 71 114 12 123
1005 4 2 7 1 40 189 91 197
1006 4 2 7 1 165 36 173 85
1007 4 2 7 1 149 78 123 225
1008 4 2 7 1 60 18 19 153
1009 4 2 7 1 85 92 99 226
1010 4 2 7 1 197 187 189 235
1011 4 2 7 1 173 99 198 226
1012 4 2 7 1 50 139 162 49
1013 4 2 7 1 124 95 116 28
1014 4 2 7 1 168 170 165 219
1015 4 2 7 1 137 161 52 51
1016 4 2 7 1 55 185 163 56
1017 4 2 7 1 65 13 14 133
1018 4 2 7 1 138 109 47 48
1019 4 2 7 1 181 24 23 67
1020 4 2 7 1 186 164 53 54
1021 4 2 7 1 92 37 190 38
1022 4 2 7 1 19 20 61 157
1023 4 2 7 1 126 119 113 234
1024 4 2 7 1 172 76 150 231
1025 4 2 7 1 75 171 196 230
1026 4 2 7 1 95 89 102 233
1027 4 2 7 1 125 101 25 235
1028 4 2 7 1 29 142 89 30
1029 4 2 7 1 113 10 9 69
1030 4 2 7 1 159 158 153 224
1031 4 2 7 1 44 187 115 43
1032 4 2 7 1 47 106 132 46
1033 4 2 7 1 177 23 22 57
1034 4 2 7 1 58 14 15 129
1035 4 2 7 1 174 147 100 232
1036 4 2 7 1 101 125 197 235
1037 4 2 7 1 154 165 170 219
1038 4 2 7 1 124 102 148 233
1039 4 2 7 1 77 195 126 234
1040 4 2 7 1 26 118 25 93
1041 4 2 7 1 178 189 194 227
1042 4 2 7 1 66 15 16 140
1043 4 2 7 1 54 155 55 180
1044 4 2 7 1 156 51 131 50
1045 4 2 7 1 166 34 94 33
1046 4 2 7 1 68 21 22 191
1047 4 2 7 1 143 46 117 45
1048 4 2 7 1 147 100 7 174
1049 4 2 7 1 198 173 8 99
1050 4 2 7 1 125 5 101 197
1051 4 2 7 1 6 148 124 102
1052 4 2 7 1 196 75 4 171
1053 4 2 7 1 195 1 77 126
1054 4 2 7 1 2 123 149 78
1055 4 2 7 1 150 172 3 76
1056 4 2 7 1 17 18 70 167
1057 4 2 7 1 198 190 185 226
1058 4 2 7 1 133 149 143 225
1059 4 2 7 1 59 74 69 228
1060 4 2 7 1 162 167 172 231
1061 4 2 7 1 70 66 76 231
1062 4 2 7 1 75 68 61 230
1063 4 2 7 1 164 171 157 230
1064 4 2 7 1 41 188 42 119
1065 4 2 7 1 189 91 39 40
1066 4 2 7 1 114 12 11 71
1067 4 2 7 1 31 141 90 32
1068 4 2 7 1 115 125 118 235
1069 4 2 7 1 36 165 35 85
1070 4 2 7 1 95 27 116 28
1071 4 2 7 1 174 166 161 232
1072 4 2 7 1 34 84 35 154
1073 4 2 7 1 142 138 148 233
1074 4 2 7 1 69 67 77 234
1075 4 2 7 1 195 181 188 234
1076 4 2 7 1 124 109 116 233
1077 4 2 7 1 65 71 78 225
1078 4 2 7 1 173 163 165 226
1079 4 2 7 1 91 93 101 235
1080 4 2 7 1 20 4 75 171
1081 4 2 7 1 77 24 1 195
1082 4 2 7 1 124 148 6 48
1083 4 2 7 1 52 147 7 174
1084 4 2 7 1 172 17 3 76
1085 4 2 7 1 56 173 8 198
1086 4 2 7 1 149 13 2 78
1087 4 2 7 1 178 38 39 81
1088 4 2 7 1 99 173 8 36
1089 4 2 7 1 5 40 101 197
1090 4 2 7 1 30 130 82 31
1091 4 2 7 1 11 10 108 59
1092 4 2 7 1 105 42 43 179
1093 4 2 7 1 83 26 107 27
1094 4 2 7 1 147 137 141 232
1095 4 2 7 1 100 7 32 147
1096 4 2 7 1 3 16 150 76
1097 4 2 7 1 49 172 3 150
1098 4 2 7 1 123 2 12 78
1099 4 2 7 1 25 5 101 125
1100 4 2 7 1 102 6 148 29
1101 4 2 7 1 1 9 77 126
1102 4 2 7 1 100 33 7 174
1103 4 2 7 1 125 44 5 197
1104 4 2 7 1 28 6 124 102
1105 4 2 7 1 8 198 99 37
1106 4 2 7 1 123 45 2 149
1107 4 2 7 1 75 4 21 196
1108 4 2 7 1 53 196 4 171
1109 4 2 7 1 126 195 1 41
1110 4 2 7 1 207 223 136 211
1111 4 2 7 1 136 145 207 211
1112 4 2 7 1 224 175 160 158
1113 4 2 7 1 224 160 175 212
1114 4 2 7 1 223 145 136 146
1115 4 2 7 1 223 136 145 207
1116 4 2 7 1 74 209 71 73
1117 4 2 7 1 74 71 209 228
1118 4 2 7 1 115 179 43 187
1119 4 2 7 1 43 179 115 105
1120 4 2 7 1 106 143 46 117
1121 4 2 7 1 46 143 106 132
1122 4 2 7 1 57 191 217 68
1123 4 2 7 1 217 191 57 177
1124 4 2 7 1 89 130 223 82
1125 4 2 7 1 223 130 89 142
$EndElements
$Periodic
1
2 2 1
Affine 1 0 0 0 0 1 0 0 0 0 1 1 0 0 0 1
44
5 1
6 2
7 3
8 4
25 9
26 10
27 11
28 12
29 13
30 14
31 15
32 16
33 17
34 18
35 19
36 20
37 21
38 22
39 23
40 24
81 57
82 58
83 59
84 60
85 61
86 62
87 63
88 64
89 65
90 66
91 67
92 68
93 69
94 70
95 71
96 72
97 73
98 74
99 75
100 76
101 77
102 78
103 79
104 80
$EndPeriodic